   A  C  D  E  F  G  H  I  K  L  M  N  P  Q  R  S  T  V  W  Y
A  1 -2 -2 -2 -2 -2 -2 -2 -2 -2 -2 -2 -2 -2 -2 -2 -2 -2 -2 -2
C -2  1 -2 -2 -2 -2 -2 -2 -2 -2 -2 -2 -2 -2 -2 -2 -2 -2 -2 -2
D -2 -2  1 -2 -2 -2 -2 -2 -2 -2 -2 -2 -2 -2 -2 -2 -2 -2 -2 -2
E -2 -2 -2  1 -2 -2 -2 -2 -2 -2 -2 -2 -2 -2 -2 -2 -2 -2 -2 -2
F -2 -2 -2 -2  1 -2 -2 -2 -2 -2 -2 -2 -2 -2 -2 -2 -2 -2 -2 -2
G -2 -2 -2 -2 -2  1 -2 -2 -2 -2 -2 -2 -2 -2 -2 -2 -2 -2 -2 -2
H -2 -2 -2 -2 -2 -2  1 -2 -2 -2 -2 -2 -2 -2 -2 -2 -2 -2 -2 -2
I -2 -2 -2 -2 -2 -2 -2  1 -2 -2 -2 -2 -2 -2 -2 -2 -2 -2 -2 -2
K -2 -2 -2 -2 -2 -2 -2 -2  1 -2 -2 -2 -2 -2 -2 -2 -2 -2 -2 -2
L -2 -2 -2 -2 -2 -2 -2 -2 -2  1 -2 -2 -2 -2 -2 -2 -2 -2 -2 -2
M -2 -2 -2 -2 -2 -2 -2 -2 -2 -2  1 -2 -2 -2 -2 -2 -2 -2 -2 -2
N -2 -2 -2 -2 -2 -2 -2 -2 -2 -2 -2  1 -2 -2 -2 -2 -2 -2 -2 -2
P -2 -2 -2 -2 -2 -2 -2 -2 -2 -2 -2 -2  1 -2 -2 -2 -2 -2 -2 -2
Q -2 -2 -2 -2 -2 -2 -2 -2 -2 -2 -2 -2 -2  1 -2 -2 -2 -2 -2 -2
R -2 -2 -2 -2 -2 -2 -2 -2 -2 -2 -2 -2 -2 -2  1 -2 -2 -2 -2 -2
S -2 -2 -2 -2 -2 -2 -2 -2 -2 -2 -2 -2 -2 -2 -2  1 -2 -2 -2 -2
T -2 -2 -2 -2 -2 -2 -2 -2 -2 -2 -2 -2 -2 -2 -2 -2  1 -2 -2 -2
V -2 -2 -2 -2 -2 -2 -2 -2 -2 -2 -2 -2 -2 -2 -2 -2 -2  1 -2 -2
W -2 -2 -2 -2 -2 -2 -2 -2 -2 -2 -2 -2 -2 -2 -2 -2 -2 -2  1 -2
Y -2 -2 -2 -2 -2 -2 -2 -2 -2 -2 -2 -2 -2 -2 -2 -2 -2 -2 -2  1